589668
589600
588451
588387
587809
587419
586578
586242
586175
586031
585337
585332
514562
585004
584800
584793
584406
584237
576545
508946
583256
582887
582019
582010
582007
582002
579416
576761
575437
575213
571964
571952
571946
571939
569331
569329
569324
569321
565921
561369
560408
557436
557433
557430
556707
555365
553489
549819
546912
546910
542411
542410
542409
541122
539629
537488
537409
537404
537167
537161
536708
536707
534345
533624
533019
529158
528856
525837
525834
525147
525145
522753
522737
522409
522068
517025
434063
461278
465247
508932
508935
510188
510513
510532
511214
511208
511191
511184
510526
510180
509753
509752
508814
508810
508805
508800
508687
508683
501069
501067
501058
501014
501009
501001
500995
496094
493810
493805
493801
493792
493781
493778
493764
493761
493756
491918
479886
479884
479070
478964
477547
477544
477359
471936
471935
471934
471926
471922
471860
468916
465240
465233
458897
457184
453819
453040
451121
450393
449747
430720
420671
417878
416757
375706
415935
415934
404163
404150
401112
401093
400709
400693
399610
399603
361157
339838
337039
331342
331317
331239
227780
217646
204938
204922
204913
204905
199236
199230
198761
186894
163438
159524
159505
159323
130328
130326
129920
106825
102215
86697
76079
75468
75411
75409
74170
73364
73354
73311
73255
73254
73253
71521
69323
67325
66199
66026
65918
64300
34379
60827
59403
59029
57581
57449
42085
41937
38968
36685
36677
35142
35141
35127
34384
34380
34145
32513
32512
32511
32510
32509
32496
32495
29002
22761
20775
12822
12818
6157